0 0 0 0 0 0.06
23 -2 0 0 23.08679276123039 0.12
21 -7 0 1 22.47220505424423 0.18
23 -2 1 0 22.090722034374522 0.24
22 -7 -1 -2 23.53720459187964 0.3
23 -3 1 1 22.360679774997898 0.36
24 -11 1 1 25.942243542145693 0.42
16 -4 1 -1 15.297058540778355 0.48
23 1 1 0 22.02271554554524 0.54
21 -5 -1 -1 22.360679774997898 0.6
21 -4 -1 -1 22.20360331117452 0.6599999999999999
26 -3 2 -1 24.08318915758459 0.72
22 -3 4 -5 18.110770276274835 0.78
26 -10 -1 1 29.154759474226502 0.84
23 -10 0 -9 23.021728866442675 0.8999999999999999
19 -8 2 0 18.788294228055936 0.96
22 -8 4 -5 18.24828759089466 1.02
19 -3 0 0 19.235384061671343 1.08
23 2 4 4 19.1049731745428 1.14
17 -7 3 6 19.1049731745428 1.2
23 0 -4 0 27 1.26
17 -5 4 -5 13.0 1.3199999999999998
27 1 -1 0 28.0178514522438 1.38
24 -4 2 0 22.360679774997898 1.44
22 2 7 -1 15.297058540778355 1.5
21 1 4 1 17.0 1.56
24 2 3 6 21.37755832643195 1.6199999999999999
25 0 4 -2 21.095023109728988 1.68
20 2 3 -5 18.384776310850235 1.74
23 1 0 1 23.0 1.7999999999999998
21 0 2 0 19 1.8599999999999999
20 0 1 -3 19.235384061671343 1.92
22 1 -1 0 23.021728866442675 1.98
23 1 3 1 20.0 2.04
25 -1 -1 -2 26.019223662515376 2.1
18 2 3 -3 15.811388300841896 2.16
24 6 2 -1 23.08679276123039 2.2199999999999998
24 4 -1 -2 25.709920264364882 2.28
21 0 1 -2 20.09975124224178 2.34
20 -2 0 -3 20.024984394500787 2.4
20 3 0 -9 23.323807579381203 2.46
20 2 4 -7 18.35755975068582 2.52
22 2 5 -4 18.027756377319946 2.58
24 -3 1 0 23.194827009486403 2.6399999999999997
24 1 -1 0 25.019992006393608 2.6999999999999997
20 1 3 0 17.029386365926403 2.76
22 5 0 -2 23.08679276123039 2.82
23 8 4 4 19.4164878389476 2.88
22 1 3 5 19.4164878389476 2.94
17 0 4 -2 13.152946437965905 3.0
22 4 2 0 20.396078054371138 3.06
18 1 1 0 17.029386365926403 3.12
28 3 10 0 18.24828759089466 3.1799999999999997
22 3 7 -3 16.15549442140351 3.2399999999999998
22 0 -1 0 23 3.3
24 9 4 -3 23.323807579381203 3.36
22 5 2 7 20.09975124224178 3.42
21 8 4 -5 21.400934559032695 3.48
23 4 3 -4 21.540659228538015 3.54
21 4 2 -1 19.6468827043885 3.5999999999999996
24 1 -1 -3 25.317977802344327 3.6599999999999997
22 4 2 0 20.396078054371138 3.7199999999999998
23 3 3 0 20.223748416156685 3.78
24 1 -3 -2 27.16615541441225 3.84
20 3 2 2 18.027756377319946 3.9
21 2 -3 -1 24.186773244895647 3.96
21 3 1 -3 20.8806130178211 4.02
21 5 -1 -3 23.40939982143925 4.08
26 4 2 -1 24.515301344262525 4.14
19 3 6 -1 13.601470508735444 4.2
20 1 1 0 19.026297590440446 4.26
19 0 4 -4 15.524174696260024 4.32
20 3 3 -6 19.235384061671343 4.38
13 1 -1 0 14.035668847618199 4.4399999999999995
22 5 -3 -5 26.92582403567252 4.5
16 2 2 0 14.142135623730951 4.56
22 2 -3 -4 25.709920264364882 4.62
22 0 0 0 22 4.68
22 2 1 0 21.095023109728988 4.74
26 1 6 0 20.024984394500787 4.8
19 4 7 0 12.649110640673518 4.859999999999999
23 1 1 0 22.02271554554524 4.92
22 0 2 0 20 4.9799999999999995
19 3 1 -5 19.697715603592208 5.04
20 4 0 -2 20.8806130178211 5.1
23 8 4 4 19.4164878389476 5.16
17 1 3 6 14.866068747318506 5.22
23 6 6 0 18.027756377319946 5.279999999999999
21 5 -1 -1 22.80350850198276 5.34
26 5 -1 0 27.459060435491963 5.3999999999999995
25 -2 2 -3 23.021728866442675 5.46
24 5 3 -6 23.706539182259394 5.52
21 5 0 0 21.587033144922902 5.58
23 5 3 2 20.223748416156685 5.64
22 0 2 0 20 5.7
20 7 -1 0 22.135943621178654 5.76
24 8 -1 3 25.495097567963924 5.819999999999999
22 5 2 0 20.615528128088304 5.88
29 6 -1 0 30.59411708155671 5.9399999999999995
22 2 -1 0 23.08679276123039 6.0
23 3 2 0 21.213203435596427 6.06
23 1 -3 -2 26.1725046566048 6.12
17 3 3 -9 18.439088914585774 6.18
17 0 2 0 15 6.24
21 5 0 -2 22.135943621178654 6.3
18 4 0 -2 18.973665961010276 6.359999999999999
23 2 0 0 23.08679276123039 6.42
28 2 1 -3 27.459060435491963 6.4799999999999995
21 3 7 -3 15.231546211727817 6.54
19 -1 -1 -1 20.0 6.6
17 0 4 -7 14.7648230602334 6.66
23 9 5 0 20.12461179749811 6.72
21 5 -1 -2 23.08679276123039 6.779999999999999
22 6 1 -3 22.847319317591726 6.84
23 6 -4 -1 27.892651361962706 6.8999999999999995
20 1 2 6 18.681541692269406 6.96
20 5 -1 -5 23.259406699226016 7.02
22 4 2 0 20.396078054371138 7.08
23 2 1 0 22.090722034374522 7.14
23 1 2 -2 21.213203435596427 7.199999999999999
13 4 5 -1 9.433981132056603 7.26
21 5 0 0 21.587033144922902 7.319999999999999
24 11 4 -1 23.323807579381203 7.38
24 2 -1 0 25.079872407968907 7.4399999999999995
21 6 2 -5 21.95449840010015 7.5
23 4 2 -4 22.47220505424423 7.56
21 -1 1 3 20.396078054371138 7.62
22 0 -1 -3 23.194827009486403 7.68
23 4 2 0 21.37755832643195 7.739999999999999
23 4 0 -7 25.495097567963924 7.8
23 4 8 -7 18.601075237738275 7.859999999999999
21 3 0 -2 21.587033144922902 7.92
23 3 3 1 20.09975124224178 7.9799999999999995
18 1 2 4 16.278820596099706 8.04
20 5 -3 -5 25.079872407968907 8.1
22 4 4 3 18.027756377319946 8.16
22 2 -1 0 23.08679276123039 8.219999999999999
25 0 2 -3 23.194827009486403 8.28
22 4 3 -5 21.02379604162864 8.34
24 1 0 1 24.0 8.4
22 0 2 -5 20.615528128088304 8.459999999999999
20 3 2 0 18.24828759089466 8.52
26 7 4 -5 25.059928172283335 8.58
23 8 2 3 21.587033144922902 8.64
26 1 2 5 24.331050121192877 8.7
19 3 0 -4 20.248456731316587 8.76
17 3 0 -3 18.027756377319946 8.82
27 5 -1 -2 28.861739379323623 8.879999999999999
25 0 7 0 18 8.94
19 4 3 -1 16.76305461424021 9.0
24 1 2 0 22.02271554554524 9.06
24 8 -1 -2 26.92582403567252 9.12
22 5 2 -1 20.8806130178211 9.18
21 8 2 -5 23.021728866442675 9.24
23 6 -1 -1 25.0 9.299999999999999
21 0 0 -1 21.02379604162864 9.36
22 2 -1 -2 23.345235059857504 9.42
17 0 -1 -2 18.110770276274835 9.48
22 3 2 0 20.223748416156685 9.54
23 -3 2 -1 21.095023109728988 9.6
22 4 3 -7 21.95449840010015 9.66
17 1 1 5 16.492422502470642 9.719999999999999
18 3 0 -4 19.313207915827967 9.78
22 0 0 -5 22.561028345356956 9.84
22 0 0 -5 22.561028345356956 9.9
29 2 0 -3 29.427877939124322 9.959999999999999
21 3 4 0 17.26267650163207 10.02
22 0 -2 0 24 10.08
23 4 3 -7 22.825424421026653 10.139999999999999
22 0 1 0 21 10.2
22 0 0 -5 22.561028345356956 10.26
17 3 0 0 17.26267650163207 10.32
23 8 2 4 21.37755832643195 10.379999999999999
19 -4 1 3 19.313207915827967 10.44
23 4 -5 -2 28.635642126552707 10.5
21 2 0 -5 22.135943621178654 10.559999999999999
28 5 -1 -2 29.832867780352597 10.62
23 3 2 -2 21.587033144922902 10.68
22 4 3 -5 21.02379604162864 10.74
22 0 -1 -1 23.021728866442675 10.799999999999999
24 8 -1 -5 28.178005607210743 10.86
23 2 -1 -2 24.331050121192877 10.92
22 4 0 -1 22.561028345356956 10.98
21 3 4 -1 17.46424919657298 11.04
21 3 0 -1 21.37755832643195 11.1
22 2 -1 0 23.08679276123039 11.16
23 4 2 0 21.37755832643195 11.219999999999999
19 0 0 0 19 11.28
24 1 -5 -3 29.274562336608895 11.34
23 2 1 4 22.090722034374522 11.4
16 1 -5 -5 21.840329667841555 11.459999999999999
19 0 4 -5 15.811388300841896 11.52
19 0 0 -5 19.6468827043885 11.58
28 3 0 -3 28.635642126552707 11.639999999999999
21 3 0 -9 24.186773244895647 11.7
22 4 3 -3 20.248456731316587 11.76
26 1 0 0 26.019223662515376 11.82
22 0 0 -5 22.561028345356956 11.879999999999999
20 3 0 0 20.223748416156685 11.94
17 4 -3 0 20.396078054371138 12.0
23 8 0 2 23.769728648009426 12.059999999999999
22 2 0 -1 22.20360331117452 12.12
28 6 0 0 28.635642126552707 12.18
21 3 -5 -3 26.68332812825267 12.24
27 2 -3 0 30.066592756745816 12.299999999999999
23 -1 0 -2 23.021728866442675 12.36
22 4 3 -1 19.6468827043885 12.42
21 5 -4 0 25.495097567963924 12.48
24 9 -1 -1 26.92582403567252 12.54
22 0 -2 0 24 12.6
21 4 0 -5 22.847319317591726 12.66
23 4 0 -1 23.53720459187964 12.719999999999999
22 1 -1 -1 23.08679276123039 12.78
20 2 -2 -5 23.08679276123039 12.84
23 4 3 -1 20.615528128088304 12.9
24 4 -5 -5 30.364452901377952 12.959999999999999
24 -5 0 -1 24.331050121192877 13.02
21 2 -1 0 22.090722034374522 13.08
19 1 -6 -2 25.179356624028344 13.139999999999999
24 6 -5 -5 31.016124838541646 13.2
21 5 -5 -2 26.92582403567252 13.26
28 2 -2 -3 30.4138126514911 13.32
21 3 4 -1 17.46424919657298 13.379999999999999
21 1 -3 0 24.020824298928627 13.44
23 4 1 -7 24.596747752497688 13.5
19 0 0 -5 19.6468827043885 13.559999999999999
21 5 -5 -1 26.68332812825267 13.62
28 1 -3 -1 31.064449134018133 13.68
23 6 -4 0 27.65863337187866 13.74
17 1 0 3 17.11724276862369 13.799999999999999
21 2 0 -3 21.587033144922902 13.86
21 3 -3 -2 24.515301344262525 13.92
23 1 -2 1 25.0 13.979999999999999
29 5 0 -5 30.675723300355934 14.04
18 4 -1 -7 21.95449840010015 14.1
26 4 -1 0 27.294688127912362 14.16
21 3 0 1 21.095023109728988 14.219999999999999
21 5 -5 -1 26.68332812825267 14.28
24 0 -2 0 26 14.34
21 8 0 -5 24.698178070456937 14.399999999999999
24 4 -3 -3 27.892651361962706 14.459999999999999
29 2 -1 0 30.066592756745816 14.52
23 2 -3 -3 26.476404589747453 14.58
22 0 0 -5 22.561028345356956 14.639999999999999
18 0 0 -5 18.681541692269406 14.7
23 5 -1 -1 24.73863375370596 14.76
23 4 0 4 23.0 14.82
26 0 -6 -3 32.14031735997639 14.879999999999999
19 0 0 -5 19.6468827043885 14.94
22 2 -1 0 23.08679276123039 15.0
28 3 0 -2 28.442925306655784 15.059999999999999
20 4 -5 1 25.179356624028344 15.12
24 9 3 0 22.847319317591726 15.18
24 -1 0 -7 24.73863375370596 15.24
27 5 -1 -2 28.861739379323623 15.299999999999999
21 5 0 -2 22.135943621178654 15.36
20 4 0 -1 20.615528128088304 15.42
22 6 2 3 20.223748416156685 15.479999999999999
19 3 3 2 16.0312195418814 15.54
28 7 4 0 25.0 15.6
21 3 -1 0 22.20360331117452 15.66
26 2 -1 0 27.073972741361768 15.719999999999999
25 -1 3 -2 22.02271554554524 15.78
24 5 3 -5 23.259406699226016 15.84
21 5 0 1 21.37755832643195 15.899999999999999
24 5 3 -3 22.47220505424423 15.959999999999999
22 4 3 6 19.1049731745428 16.02
21 12 4 -3 22.67156809750927 16.08
23 4 0 0 23.345235059857504 16.14
20 2 3 0 17.11724276862369 16.2
22 3 2 -4 21.18962010041709 16.259999999999998
24 6 3 1 21.587033144922902 16.32
23 4 2 1 21.213203435596427 16.38
25 2 -1 -1 26.1725046566048 16.439999999999998
18 6 5 -5 17.029386365926403 16.5
24 9 3 -1 23.259406699226016 16.56
21 5 1 -2 21.18962010041709 16.62
21 5 -1 -1 22.80350850198276 16.68
23 5 3 -1 20.8806130178211 16.74
22 5 0 -6 24.596747752497688 16.8
20 1 3 -1 17.11724276862369 16.86
21 5 -1 -4 23.769728648009426 16.919999999999998
21 5 3 -4 20.12461179749811 16.98
26 5 0 -1 26.68332812825267 17.04
23 8 2 -1 22.847319317591726 17.099999999999998
18 2 3 2 15.0 17.16
24 2 -1 -3 25.495097567963924 17.22
24 2 2 0 22.090722034374522 17.28
23 2 2 1 21.02379604162864 17.34
27 2 2 -3 25.495097567963924 17.4
20 5 7 0 13.92838827718412 17.46
27 1 1 0 26.019223662515376 17.52
24 5 6 0 18.681541692269406 17.58
21 5 1 -2 21.18962010041709 17.64
19 5 0 -1 19.924858845171276 17.7
23 7 -2 0 25.96150997149434 17.759999999999998
19 1 3 5 16.492422502470642 17.82
21 3 4 -4 18.384776310850235 17.88
21 5 1 -3 21.540659228538015 17.939999999999998
26 2 -1 0 27.073972741361768 18.0
28 4 10 0 18.439088914585774 18.06
19 5 7 -4 15.0 18.12
22 0 0 0 22 18.18
24 11 5 -3 23.600847442411894 18.24
22 0 2 0 20 18.3
25 -1 2 0 23.021728866442675 18.36
23 8 1 1 23.08679276123039 18.419999999999998
21 3 3 3 18.0 18.48
29 7 2 2 27.459060435491963 18.54
21 4 -1 0 22.360679774997898 18.599999999999998
21 4 4 -3 18.384776310850235 18.66
22 5 3 -1 19.924858845171276 18.72
22 5 5 -5 19.72308292331602 18.779999999999998
23 5 2 3 21.095023109728988 18.84
24 8 1 -2 25.079872407968907 18.9
21 5 -1 -2 23.08679276123039 18.96
18 -1 0 -2 18.027756377319946 19.02
22 6 0 -6 25.059928172283335 19.08
21 1 1 -1 20.09975124224178 19.14
21 9 -1 -5 26.076809620810597 19.2
21 4 3 0 18.439088914585774 19.259999999999998
17 2 -1 0 18.110770276274835 19.32
23 5 -3 -5 27.85677655436824 19.38
21 3 3 0 18.24828759089466 19.439999999999998
16 3 0 -2 16.76305461424021 19.5
22 0 2 0 20 19.56
22 2 1 0 21.095023109728988 19.62
26 3 5 0 21.213203435596427 19.68
20 6 6 0 15.231546211727817 19.74
23 11 5 -3 22.80350850198276 19.8
21 5 1 -5 22.360679774997898 19.86
21 5 1 -1 20.8806130178211 19.919999999999998
22 7 1 -2 22.847319317591726 19.98
23 8 -2 0 26.248809496813376 20.04
22 5 3 3 19.1049731745428 20.099999999999998
22 0 0 0 22 20.16
22 8 4 -5 22.20360331117452 20.22
23 3 2 1 21.095023109728988 20.279999999999998
29 4 3 3 26.019223662515376 20.34
22 6 7 -1 16.55294535724685 20.4
19 4 6 1 13.341664064126334 20.46
24 2 -1 0 25.079872407968907 20.52
22 0 2 0 20 20.58
19 5 2 0 17.72004514666935 20.64
24 8 -1 5 25.179356624028344 20.7
22 6 4 3 18.24828759089466 20.759999999999998
23 6 4 1 19.6468827043885 20.82
22 4 2 0 20.396078054371138 20.88
25 5 1 -3 25.298221281347036 20.939999999999998
23 5 0 0 23.53720459187964 21.0
20 5 2 0 18.681541692269406 21.06
21 4 -2 -1 23.53720459187964 21.119999999999997
21 4 -1 -2 22.80350850198276 21.18
22 5 1 1 21.37755832643195 21.24
26 5 0 0 26.476404589747453 21.3
23 6 -5 -5 30.083217912982647 21.36
28 5 0 0 28.442925306655784 21.419999999999998
25 0 -5 -5 30.4138126514911 21.48
30 1 0 -3 30.265491900843113 21.54
24 2 -1 0 25.079872407968907 21.599999999999998
23 11 -1 -1 26.832815729997478 21.66
17 2 0 2 17.0 21.72
24 5 4 3 20.09975124224178 21.779999999999998
22 6 -4 0 26.68332812825267 21.84
21 4 0 -5 22.847319317591726 21.9
24 9 0 -3 26.832815729997478 21.96
21 4 5 -2 17.08800749063506 22.02
22 0 -3 0 25 22.08
21 4 -1 -4 23.40939982143925 22.14
20 3 1 1 19.1049731745428 22.2
17 5 0 -2 18.384776310850235 22.259999999999998
23 6 -4 0 27.65863337187866 22.32
18 1 1 3 17.11724276862369 22.38
19 2 0 -3 19.6468827043885 22.439999999999998
21 3 0 -3 21.840329667841555 22.5
23 1 1 1 22.0 22.56
28 5 4 -5 26.0 22.619999999999997
22 4 2 -7 22.825424421026653 22.68
22 4 3 -1 19.6468827043885 22.74
21 2 4 1 17.029386365926403 22.8
24 3 1 7 23.345235059857504 22.86
22 3 1 5 21.095023109728988 22.919999999999998
17 4 0 0 17.46424919657298 22.98
27 1 -1 -2 28.160255680657446 23.04
20 -2 0 0 20.09975124224178 23.099999999999998
24 3 8 -1 16.492422502470642 23.16
18 -4 -5 -2 23.08679276123039 23.22
24 2 0 -7 25.632011235952593 23.279999999999998
21 1 -2 -1 23.08679276123039 23.34
23 5 -5 0 28.442925306655784 23.4
18 1 0 2 18.027756377319946 23.46
24 2 6 3 18.027756377319946 23.52
21 3 -3 1 24.08318915758459 23.58
22 0 -2 0 24 23.64
28 0 -1 -3 29.154759474226502 23.7
19 1 3 -4 16.76305461424021 23.759999999999998
21 -3 0 0 21.213203435596427 23.82
22 -1 0 0 22.02271554554524 23.88
19 0 2 -5 17.72004514666935 23.939999999999998
17 0 -3 0 20 24.0
23 0 -7 0 30 24.06
17 -3 0 5 18.788294228055936 24.119999999999997
21 -1 0 -3 21.095023109728988 24.18
21 0 4 3 17.26267650163207 24.24
27 1 -2 -1 29.068883707497267 24.3
28 0 6 0 22 24.36
22 -1 1 -6 21.587033144922902 24.419999999999998
24 -2 0 0 24.08318915758459 24.48
22 1 -3 -1 25.079872407968907 24.54
18 1 -2 -2 20.223748416156685 24.599999999999998
21 0 0 -5 21.587033144922902 24.66
22 -1 0 1 22.090722034374522 24.72
20 -4 -1 1 21.587033144922902 24.779999999999998
29 0 -1 2 30.066592756745816 24.84
17 -4 -2 -1 19.235384061671343 24.9
23 -2 -1 1 24.186773244895647 24.96
23 1 -1 0 24.020824298928627 25.02
17 -1 -1 0 18.027756377319946 25.08
22 -4 -7 -1 29.154759474226502 25.14
21 -3 -3 -1 24.08318915758459 25.2
23 -1 -2 3 25.317977802344327 25.259999999999998
26 -1 -2 -1 28.0 25.32
23 -1 0 0 23.021728866442675 25.38
19 -5 -5 0 24.515301344262525 25.439999999999998
21 -2 -4 -5 25.179356624028344 25.5
20 -1 -2 1 22.090722034374522 25.56
21 -1 -4 0 25.019992006393608 25.619999999999997
23 2 -4 2 27.0 25.68
20 -2 -2 5 23.08679276123039 25.74
16 -2 -7 -1 23.021728866442675 25.8
21 -2 -4 -1 25.019992006393608 25.86
22 -4 -2 0 24.331050121192877 25.919999999999998
28 -2 -2 -2 30.0 25.98
21 0 2 2 19.1049731745428 26.04
23 1 -5 1 28.0 26.099999999999998
17 -2 0 -5 17.26267650163207 26.16
20 -2 -2 0 22.090722034374522 26.22
15 1 -5 0 20.024984394500787 26.279999999999998
22 0 -6 0 28 26.34
22 -3 -2 3 24.73863375370596 26.4
22 -4 -5 -3 27.018512172212592 26.459999999999997
20 1 -5 -1 25.079872407968907 26.52
22 -3 -3 1 25.317977802344327 26.58
28 -2 -2 3 30.4138126514911 26.64
20 -1 -1 -6 21.587033144922902 26.7
25 -4 -4 1 29.427877939124322 26.759999999999998
22 -6 -5 0 27.65863337187866 26.82
21 1 -9 -1 30.066592756745816 26.88
20 0 -5 0 25 26.939999999999998
21 0 -5 -1 26.019223662515376 27.0
22 -1 -3 0 25.019992006393608 27.06
22 -6 -9 -1 31.400636936215164 27.119999999999997
22 -4 -5 0 27.294688127912362 27.18
22 -2 -4 1 26.1725046566048 27.24
25 -4 -5 -2 30.066592756745816 27.3
17 -2 -3 -3 20.024984394500787 27.36
21 -4 -9 0 30.265491900843113 27.419999999999998
19 -3 -7 -1 26.076809620810597 27.48
20 -3 -6 -1 26.076809620810597 27.54
22 -3 -4 1 26.30589287593181 27.599999999999998
22 -2 0 0 22.090722034374522 27.66
18 -8 -7 1 26.570660511172846 27.72
20 -1 -7 -5 27.294688127912362 27.779999999999998
21 -2 -5 -6 26.30589287593181 27.84
17 -1 -9 0 26.019223662515376 27.9
22 -1 -13 -5 35.22782990761707 27.959999999999997
17 -4 -8 1 25.495097567963924 28.02
22 -6 -12 -3 34.132096331752024 28.08
22 -8 -8 0 31.04834939252005 28.14
21 -4 -9 2 30.59411708155671 28.2
28 -4 -8 -2 36.05551275463989 28.259999999999998
19 -2 -4 0 23.08679276123039 28.32
22 -8 -11 1 34.20526275297414 28.38
23 -5 -6 -5 29.0 28.439999999999998
17 -3 -8 -1 25.079872407968907 28.5
22 -3 -9 -2 31.016124838541646 28.56
23 -2 -5 -3 28.0178514522438 28.619999999999997
18 -5 -6 6 26.40075756488817 28.68
17 -2 -8 0 25.079872407968907 28.74
22 -2 0 3 22.561028345356956 28.799999999999997
28 1 -9 0 37.013511046643494 28.86
28 -1 -1 0 29.017236257093817 28.919999999999998
22 -2 -7 -5 29.154759474226502 28.98
25 -2 -4 1 29.154759474226502 29.04
23 5 -5 -2 28.861739379323623 29.099999999999998
22 -4 -8 -5 30.01666203960727 29.16
18 -1 -8 0 26.019223662515376 29.22
23 -1 -8 1 31.064449134018133 29.279999999999998
22 -3 -7 3 29.614185789921695 29.34
22 -1 -6 1 28.071337695236398 29.4
22 0 -7 1 29.017236257093817 29.459999999999997
22 0 -7 1 29.017236257093817 29.52
25 0 -5 -1 30.01666203960727 29.58
20 2 -3 -7 24.698178070456937 29.64
15 1 -4 6 19.6468827043885 29.7
15 0 -9 -1 24.020824298928627 29.759999999999998
19 0 -4 -5 23.53720459187964 29.82
22 0 -4 0 26 29.88
26 1 -4 -1 30.066592756745816 29.939999999999998
18 2 0 0 18.110770276274835 30.0
22 1 -4 0 26.019223662515376 30.06
22 0 -4 0 26 30.119999999999997
19 3 -5 -2 24.515301344262525 30.18
28 2 -5 -1 33.13608305156178 30.24
22 5 -7 0 29.427877939124322 30.299999999999997
18 0 -3 5 21.587033144922902 30.36
22 4 -8 0 30.265491900843113 30.419999999999998
20 3 -2 1 22.090722034374522 30.48
21 1 -4 1 25.0 30.54
23 -3 -3 -2 26.019223662515376 30.599999999999998
17 3 2 0 15.297058540778355 30.66
22 8 -5 -3 29.154759474226502 30.72
27 1 -5 0 32.01562118716424 30.779999999999998
25 0 -1 -2 26.076809620810597 30.84
25 0 -4 0 29 30.9
22 7 -2 1 24.73863375370596 30.959999999999997
22 1 -3 5 25.317977802344327 31.02
22 4 -1 -7 25.495097567963924 31.08
27 4 -5 -3 32.7566787083184 31.14
19 0 -2 0 21 31.2
22 3 -3 1 25.079872407968907 31.259999999999998
23 1 -9 -1 32.0624390837628 31.32
20 4 -1 -2 21.840329667841555 31.38
17 0 -6 -1 23.021728866442675 31.439999999999998
22 0 -3 0 25 31.5
20 3 -3 3 23.0 31.56
18 1 -8 -1 26.076809620810597 31.619999999999997
25 3 -4 -1 29.274562336608895 31.68
19 -1 -5 0 24.020824298928627 31.74
20 5 -9 -5 30.675723300355934 31.799999999999997
19 3 -3 1 22.090722034374522 31.86
21 4 -7 -1 28.442925306655784 31.919999999999998
21 7 -8 0 29.832867780352597 31.98
26 8 -4 -5 32.69556544854363 32.04
18 5 -8 -3 27.202941017470888 32.1
22 2 -9 0 31.064449134018133 32.16
21 2 -8 1 29.017236257093817 32.22
25 1 -8 -2 33.13608305156178 32.28
18 4 -3 0 21.37755832643195 32.339999999999996
22 7 -9 0 31.78049716414141 32.4
22 6 -4 0 26.68332812825267 32.46
17 3 -8 -2 25.495097567963924 32.519999999999996
16 4 -10 0 26.30589287593181 32.58
22 6 -13 0 35.510561809129406 32.64
18 1 -7 6 25.495097567963924 32.699999999999996
17 2 -8 -3 25.495097567963924 32.76
21 4 -2 3 23.021728866442675 32.82
26 5 -9 0 35.35533905932738 32.879999999999995
25 3 -7 3 32.0 32.94
20 4 -8 3 28.0178514522438 33.0
22 0 -12 1 34.0147027033899 33.06
21 2 -9 -1 30.14962686336267 33.12
20 4 -6 7 26.1725046566048 33.18
23 -2 -8 0 31.064449134018133 33.24
22 4 -8 1 30.14962686336267 33.3
22 2 -7 3 29.017236257093817 33.36
22 2 -9 1 31.016124838541646 33.42
19 0 -8 -5 27.459060435491963 33.48
17 3 -8 -1 25.317977802344327 33.54
22 3 -7 0 29.154759474226502 33.6
18 3 -8 2 26.019223662515376 33.66
17 0 -8 0 25 33.72
21 4 -7 1 28.160255680657446 33.78
21 3 -7 0 28.160255680657446 33.839999999999996
18 -1 -13 -1 31.0 33.9
19 1 -8 -5 27.65863337187866 33.96
19 -3 -8 0 27.16615541441225 34.019999999999996
17 0 -6 -5 23.53720459187964 34.08
20 1 -9 0 29.017236257093817 34.14
21 0 -9 0 30 34.199999999999996
21 3 -13 -3 34.52535300326414 34.26
17 0 -8 2 25.079872407968907 34.32
17 1 -12 -1 29.068883707497267 34.379999999999995
22 -4 -9 0 31.25699921617557 34.44
17 0 -8 -5 25.495097567963924 34.5
25 -1 -8 -3 33.06055050963308 34.56
19 1 -3 0 22.02271554554524 34.62
22 -4 -11 1 33.37663853655727 34.68
22 1 -7 -7 30.083217912982647 34.74
22 -2 -9 0 31.064449134018133 34.8
17 0 -8 -5 25.495097567963924 34.86
16 1 -8 0 24.020824298928627 34.92
22 2 -12 1 34.0147027033899 34.98
19 1 -8 3 27.073972741361768 35.04
22 -4 -9 2 31.575306807693888 35.1
21 -1 -1 -1 22.0 35.16
23 0 -13 -1 36.013886210738214 35.22
22 -5 -8 -1 30.265491900843113 35.28
23 -1 -8 0 31.016124838541646 35.339999999999996
20 -2 -13 0 33.06055050963308 35.4
19 1 -8 -2 27.16615541441225 35.46
21 1 -11 -2 32.14031735997639 35.519999999999996
18 -3 -13 -2 31.016124838541646 35.58
21 1 -9 0 30.01666203960727 35.64
17 -2 -9 1 26.1725046566048 35.699999999999996
20 1 -13 -4 33.37663853655727 35.76
22 1 -9 1 31.0 35.82
21 0 -11 0 32 35.879999999999995
21 1 -15 -5 36.49657518178932 35.94
16 0 -9 4 25.317977802344327 36.0
14 -3 -25 -4 39.01281840626232 36.059999999999995
22 0 -16 -5 38.3275357934736 36.12
19 0 -18 0 37 36.18
25 0 -18 -2 43.04648650006177 36.24
20 1 -15 0 35.014282800023196 36.3
22 7 -17 -1 39.81205847478876 36.36
22 -1 -18 -5 40.19950248448356 36.42
19 1 -21 -2 40.11234224026316 36.48
15 1 -21 0 36.013886210738214 36.54
21 4 -21 0 42.190046219457976 36.6
18 -2 -17 6 35.90264614203248 36.66
19 1 -21 -4 40.311288741492746 36.72
20 1 -16 4 36.124783736376884 36.78
24 -4 -19 0 43.18564576337837 36.839999999999996
27 1 -12 -5 39.45883931389772 36.9
20 1 -17 -7 37.8549864614954 36.96
22 1 -17 -2 39.11521443121589 37.019999999999996
22 -4 -22 1 44.28317965096906 37.08
22 0 -16 3 38.118237105091836 37.14
21 1 -8 7 29.614185789921695 37.199999999999996
21 4 -8 -5 30.364452901377952 37.26
22 1 -8 0 30.01666203960727 37.32
19 -4 -8 0 27.294688127912362 37.379999999999995
22 0 -8 -4 30.265491900843113 37.44
19 0 -8 -5 27.459060435491963 37.5
22 0 -8 0 30 37.559999999999995
21 5 -8 -1 29.614185789921695 37.62
18 3 -8 2 26.019223662515376 37.68
22 0 -11 -1 33.015148038438355 37.74
22 3 -7 1 29.068883707497267 37.8
21 2 -8 3 29.017236257093817 37.86
22 -1 -11 -1 33.0 37.92
20 3 -2 -1 22.360679774997898 37.98
20 1 -9 0 29.017236257093817 38.04
19 0 -8 -3 27.16615541441225 38.1
19 3 -7 1 26.076809620810597 38.16
21 4 -10 -1 31.400636936215164 38.22
22 6 -8 2 30.265491900843113 38.28
25 0 -13 -1 38.01315561749642 38.339999999999996
19 6 -8 0 27.65863337187866 38.4
22 0 -9 0 31 38.46
26 3 -9 -1 35.22782990761707 38.519999999999996
27 2 -8 -2 35.22782990761707 38.58
19 4 -3 0 22.360679774997898 38.64
23 1 -8 1 31.0 38.699999999999996
23 9 -3 4 26.476404589747453 38.76
17 4 -8 -1 25.495097567963924 38.82
19 3 -8 -1 27.294688127912362 38.879999999999995
23 6 -14 1 37.33630940518894 38.94
20 4 -7 6 27.073972741361768 39.0
26 2 -10 4 36.05551275463989 39.059999999999995
22 5 -2 4 24.020824298928627 39.12
23 3 -8 2 31.016124838541646 39.18
27 0 -2 2 29.068883707497267 39.24
22 6 -8 0 30.59411708155671 39.3
25 0 -8 1 33.015148038438355 39.36
22 2 -9 2 31.0 39.42
22 2 -10 0 32.0624390837628 39.48
23 0 -8 1 31.016124838541646 39.54
23 5 -10 1 33.24154027718932 39.6
24 3 -8 3 32.0 39.66
22 4 -10 -7 33.83784863137726 39.72
23 5 -2 -1 25.709920264364882 39.78
22 2 -10 2 32.0 39.839999999999996
13 0 -10 0 23 39.9
22 4 -8 1 30.14962686336267 39.96
19 3 -8 0 27.16615541441225 40.019999999999996
22 2 -13 -3 35.35533905932738 40.08
21 5 -8 7 29.068883707497267 40.14
17 3 -8 -1 25.317977802344327 40.199999999999996
25 1 -6 -1 31.064449134018133 40.26
21 4 -5 -1 26.476404589747453 40.32
22 1 -10 1 32.0 40.379999999999995
17 3 -8 -5 26.248809496813376 40.44
22 0 -8 -5 30.4138126514911 40.5
20 4 -10 -1 30.4138126514911 40.559999999999995
23 9 -8 2 31.78049716414141 40.62
26 3 -8 3 34.0 40.68
22 7 -8 -3 31.622776601683793 40.74
22 8 -8 0 31.04834939252005 40.8
22 1 -10 1 32.0 40.86
26 4 -8 7 34.132096331752024 40.92
18 4 -3 -2 21.840329667841555 40.98
23 6 -16 1 39.319206502675 41.04
23 9 -13 -1 37.36308338453881 41.1
22 0 -16 -5 38.3275357934736 41.16
16 3 -16 0 32.14031735997639 41.22
22 2 -19 1 41.012193308819754 41.28
22 1 -15 3 37.05401462729781 41.339999999999996
22 0 -17 1 39.01281840626232 41.4
22 3 -10 -1 32.2490309931942 41.46
29 1 -21 -2 50.08991914547278 41.519999999999996
21 3 -16 -1 37.21558813185679 41.58
22 1 -17 0 39.01281840626232 41.64
17 0 -16 -1 33.015148038438355 41.699999999999996
21 3 -21 -1 42.190046219457976 41.76
22 2 -16 3 38.01315561749642 41.82
24 2 -18 1 42.01190307520001 41.879999999999995
23 0 -23 -5 46.2709412050371 41.94
22 -6 -17 0 39.45883931389772 42.0
27 -4 -19 -4 46.0 42.059999999999995
24 -6 -19 0 43.41658669218482 42.12
17 -4 -18 0 35.22782990761707 42.18
23 -1 -16 0 39.01281840626232 42.239999999999995
22 -3 -16 2 38.3275357934736 42.3
24 -4 -22 -3 46.010868281309364 42.36
22 -2 -17 1 39.11521443121589 42.42
22 -5 -19 1 41.43669871020132 42.48
29 -4 -18 -2 47.042533945356304 42.54
19 -2 -16 -7 35.35533905932738 42.6
20 -2 -17 -5 37.12142238654117 42.66
24 -7 -20 1 44.721359549995796 42.72
22 -8 -18 0 40.792156108742276 42.78
21 -4 -17 1 38.3275357934736 42.839999999999996
17 -3 -20 0 37.12142238654117 42.9
24 0 -18 6 42.42640687119285 42.96
22 -5 -18 2 40.607881008493905 43.019999999999996
24 -2 -23 0 47.042533945356304 43.08
22 -2 -12 3 34.36568055487916 43.14
23 -5 -18 1 41.43669871020132 43.199999999999996
27 -6 -17 -1 44.28317965096906 43.26
23 -3 -17 -1 40.049968789001575 43.32
22 -4 -21 1 43.289721643826724 43.379999999999995
21 -3 -21 -1 42.04759208325728 43.44
22 -3 -17 1 39.20459156782532 43.5
21 -6 -19 -1 40.311288741492746 43.559999999999995
22 -1 -21 -1 43.0 43.62
25 -8 -17 0 42.7551166528639 43.68
24 -6 -21 -4 45.044422518220834 43.739999999999995
22 -4 -18 -5 40.01249804748511 43.8
24 -4 -17 1 41.30375285612676 43.86
25 -7 -25 -1 50.35871324805669 43.92
20 -4 -17 -7 37.12142238654117 43.98
17 -5 -17 1 34.52535300326414 44.04
18 -4 -22 -1 40.11234224026316 44.1
26 -8 -19 0 45.70557952810576 44.16
21 -4 -16 -5 37.013511046643494 44.22
29 -5 -18 -2 47.095647357266465 44.28
22 -3 -13 -2 35.014282800023196 44.339999999999996
22 -5 -16 0 38.3275357934736 44.4
24 -2 -17 7 41.97618372363071 44.46
21 -4 -17 2 38.47076812334269 44.519999999999996
22 1 -21 -1 43.04648650006177 44.58
23 2 -16 4 39.05124837953327 44.64
22 -5 -17 2 39.6232255123179 44.699999999999996
21 -3 -16 -3 37.0 44.76
21 1 -21 -1 42.04759208325728 44.82
23 -5 -18 1 41.43669871020132 44.879999999999995
25 -9 -17 0 42.95346318982906 44.94
24 -2 -13 -2 37.0 45.0
22 -4 -21 1 43.289721643826724 45.059999999999995
24 0 -17 3 41.10960958218893 45.12
22 0 -16 7 38.63935817272331 45.18
21 4 -16 -5 38.07886552931954 45.239999999999995
23 0 -16 1 39.01281840626232 45.3
22 -1 -16 3 38.2099463490856 45.36
22 0 -9 0 31 45.42
17 0 -8 -3 25.179356624028344 45.48
25 0 -8 -1 33.015148038438355 45.54
23 0 -9 -1 32.01562118716424 45.6
17 0 -6 -5 23.53720459187964 45.66
21 8 -5 0 27.202941017470888 45.72
20 1 -5 0 25.019992006393608 45.78
21 3 -9 -1 30.265491900843113 45.839999999999996
22 2 -3 0 25.079872407968907 45.9
20 2 0 0 20.09975124224178 45.96
23 -3 -4 0 27.16615541441225 46.019999999999996
20 1 -5 -5 25.709920264364882 46.08
19 2 -2 -6 22.47220505424423 46.14
21 1 -5 2 26.019223662515376 46.199999999999996
22 7 -3 0 25.96150997149434 46.26
13 -1 -3 5 17.08800749063506 46.32
22 1 -8 -2 30.14962686336267 46.379999999999995
22 0 -4 0 26 46.44
21 0 -5 1 26.019223662515376 46.5
25 0 -8 -2 33.06055050963308 46.559999999999995
21 2 -4 0 25.079872407968907 46.62
22 -2 -10 1 32.14031735997639 46.68
23 2 -7 -6 31.04834939252005 46.739999999999995
19 1 -7 0 26.019223662515376 46.8
18 3 -9 -1 27.294688127912362 46.86
22 5 -8 0 30.4138126514911 46.92
18 -1 -7 6 25.96150997149434 46.98
22 0 -14 0 36 47.04
22 2 -4 3 26.019223662515376 47.1
22 6 -8 3 30.14962686336267 47.16
23 -5 -7 0 30.4138126514911 47.22
19 1 -2 -1 21.095023109728988 47.28
21 1 -12 1 33.0 47.339999999999996
22 0 -8 -4 30.265491900843113 47.4
20 1 -16 6 36.345563690772494 47.46
21 6 -16 -5 38.600518131237564 47.519999999999996
23 4 -18 6 41.048751503547585 47.58
28 -1 -17 0 45.0111097397076 47.64
29 0 -17 0 46 47.699999999999996
17 0 -16 -1 33.015148038438355 47.76
22 0 -17 1 39.01281840626232 47.82
22 2 -17 0 39.05124837953327 47.879999999999995
20 2 -17 -7 38.07886552931954 47.94
16 1 -16 0 32.01562118716424 48.0
22 8 -19 -2 42.20189569201838 48.059999999999995
22 4 -23 -2 45.39823785126467 48.12
17 0 -16 -3 33.13608305156178 48.18
20 0 -18 -1 38.01315561749642 48.239999999999995
19 2 -14 0 33.06055050963308 48.3
20 -3 -19 0 39.11521443121589 48.36
20 0 -19 -4 39.20459156782532 48.42
20 1 -19 0 39.01281840626232 48.48
20 1 -19 -1 39.05124837953327 48.54
22 1 -16 1 38.0 48.6
18 1 -17 0 35.014282800023196 48.66
23 3 -10 3 33.0 48.72
22 3 -16 4 38.01315561749642 48.78
22 0 -18 0 40 48.839999999999996
27 1 -16 -1 43.04648650006177 48.9
18 2 -12 0 30.066592756745816 48.96
21 5 -18 0 39.319206502675 49.019999999999996
23 5 -13 -2 36.6742416417845 49.08
20 1 -18 -1 38.05259518088089 49.14
22 8 -16 -1 39.05124837953327 49.199999999999996
23 4 -22 0 45.17742799230607 49.26
22 1 -16 3 38.05259518088089 49.32
22 0 -18 0 40 49.379999999999995
22 2 -11 -1 33.13608305156178 49.44
28 1 -21 -1 49.040799340956916 49.5
25 -2 -17 -2 42.0 49.559999999999995
24 0 -16 0 40 49.62
17 0 -15 1 32.01562118716424 49.68
23 2 -16 1 39.01281840626232 49.739999999999995
22 1 -19 2 41.012193308819754 49.8
17 -2 -14 -2 31.0 49.86
19 4 -18 -1 37.33630940518894 49.92
21 -3 -17 0 38.118237105091836 49.98
23 2 -11 -2 34.23448553724738 50.04
23 1 -13 -1 36.05551275463989 50.1
17 0 -16 -5 33.37663853655727 50.16
23 -4 -22 -1 45.09988913511872 50.22
17 -1 -16 4 33.37663853655727 50.28
21 1 -23 -3 44.181444068749045 50.339999999999996
23 2 -23 -1 46.09772228646444 50.4
23 5 -22 -1 45.39823785126467 50.46
24 -6 -19 -1 43.289721643826724 50.519999999999996
19 1 -14 -4 33.37663853655727 50.58
29 -2 -19 1 48.093658625644196 50.64
24 0 -16 7 40.607881008493905 50.699999999999996
20 0 -16 -3 36.124783736376884 50.76
18 1 -21 -1 39.05124837953327 50.82
23 4 -19 0 42.190046219457976 50.879999999999995
20 -2 -16 1 36.124783736376884 50.94
20 -1 -20 0 40.01249804748511 51.0
21 -2 -16 -5 37.12142238654117 51.059999999999995
17 1 -18 -1 35.05709628591621 51.12
25 -5 -13 4 39.05124837953327 51.18
22 -1 -13 -4 35.12833614050059 51.239999999999995
27 -3 -18 1 45.17742799230607 51.3
20 -2 -18 -1 38.01315561749642 51.36
22 -1 -15 0 37.013511046643494 51.419999999999995
22 8 -16 -3 39.56008088970496 51.48
23 6 -18 7 41.012193308819754 51.54
27 -2 -17 -1 44.01136216933077 51.6
22 -4 -19 2 41.43669871020132 51.66
23 0 -10 3 33.13608305156178 51.72
23 -2 -18 -1 41.012193308819754 51.78
23 -5 -17 0 40.311288741492746 51.839999999999996
22 0 -16 0 38 51.9
23 -2 -16 1 39.11521443121589 51.96
21 1 -21 -1 42.04759208325728 52.019999999999996
24 -4 -18 0 42.190046219457976 52.08
21 1 -19 -1 40.049968789001575 52.14
21 0 -16 1 37.013511046643494 52.199999999999996
21 -2 -18 2 39.20459156782532 52.26
21 1 -19 -3 40.19950248448356 52.32
22 1 -16 2 38.01315561749642 52.379999999999995
23 1 -16 -7 39.81205847478876 52.44
23 1 -9 0 32.01562118716424 52.5
24 1 -17 2 41.012193308819754 52.559999999999995
15 -1 -8 7 24.351591323771842 52.62
17 0 -8 -1 25.019992006393608 52.68
22 -4 -10 4 32.984845004941285 52.739999999999995
21 -2 -8 1 29.154759474226502 52.8
25 -3 -4 0 29.154759474226502 52.86
21 1 -4 -4 25.495097567963924 52.919999999999995
22 -3 -8 0 30.14962686336267 52.98
20 0 -9 -2 29.068883707497267 53.04
20 1 -8 -1 28.071337695236398 53.1
17 3 -6 0 23.194827009486403 53.16
23 8 -4 5 27.16615541441225 53.22
22 1 -3 6 25.495097567963924 53.28
22 3 0 0 22.20360331117452 53.339999999999996
22 0 -2 0 24 53.4
24 1 -5 0 29.017236257093817 53.46
23 -3 -3 0 26.1725046566048 53.519999999999996
22 3 -1 -2 23.53720459187964 53.58
22 0 0 0 22 53.64
22 1 -5 0 27.018512172212592 53.699999999999996
15 2 -4 -1 19.235384061671343 53.76
20 6 -3 0 23.769728648009426 53.82
18 1 -4 0 22.02271554554524 53.879999999999995
19 1 -2 0 21.02379604162864 53.94
19 2 -4 -2 23.345235059857504 54.0
20 5 -4 -1 24.73863375370596 54.059999999999995
22 3 -3 1 25.079872407968907 54.12
22 3 -3 0 25.179356624028344 54.18
22 4 -3 0 25.317977802344327 54.239999999999995
19 0 -5 0 24 54.3
22 4 -2 1 24.186773244895647 54.36
17 0 0 -5 17.72004514666935 54.419999999999995
17 0 0 -5 17.72004514666935 54.48
21 4 -7 -5 29.410882339705484 54.54
21 3 -4 1 25.079872407968907 54.6
23 4 -1 -4 25.298221281347036 54.66
20 3 -4 1 24.08318915758459 54.72
21 2 -6 0 27.073972741361768 54.78
22 5 -9 -5 32.57299494980466 54.839999999999996
17 0 -7 3 24.186773244895647 54.9
22 4 -13 -1 35.35533905932738 54.96
20 0 -10 -1 30.01666203960727 55.019999999999996
17 0 -8 -3 25.179356624028344 55.08
22 0 -8 -5 30.4138126514911 55.14
21 2 -5 -2 26.30589287593181 55.199999999999996
22 -4 -12 1 34.36568055487916 55.26
17 0 -16 -5 33.37663853655727 55.32
20 2 -15 2 35.0 55.379999999999995
22 3 -17 -1 39.20459156782532 55.44
23 7 -16 4 39.11521443121589 55.5
18 -1 -17 6 35.6931365951495 55.559999999999995
22 2 -21 0 43.04648650006177 55.62
22 2 -12 3 34.0147027033899 55.68
26 1 -19 0 45.0111097397076 55.739999999999995
23 -3 -17 -2 40.01249804748511 55.8
22 1 -17 -5 39.45883931389772 55.86
21 1 -19 1 40.0 55.919999999999995
22 1 -19 0 41.012193308819754 55.98
22 2 -17 6 39.20459156782532 56.04
21 8 -16 -5 39.21734310225516 56.1
23 2 -16 0 39.05124837953327 56.16
19 -1 -17 1 36.05551275463989 56.22
22 -4 -18 -4 40.0 56.28
22 -2 -17 2 39.20459156782532 56.339999999999996
23 -2 -17 1 40.11234224026316 56.4
24 -8 -21 -1 45.5411901469428 56.46
18 -2 -17 -5 35.12833614050059 56.519999999999996
22 1 -17 -1 39.05124837953327 56.58
20 -3 -16 -3 36.0 56.64
21 1 -21 -1 42.04759208325728 56.699999999999996
26 -2 -18 -1 44.01136216933077 56.76
20 -2 -12 -1 32.01562118716424 56.82
20 -2 -17 1 37.12142238654117 56.879999999999995
17 -4 -16 -9 33.37663853655727 56.94
23 -5 -16 -5 39.0 57.0
20 1 -21 -2 41.10960958218893 57.059999999999995
17 -1 -21 -1 38.0 57.12
23 2 -11 -1 34.132096331752024 57.18
15 -2 -15 3 30.4138126514911 57.239999999999995
20 1 -18 -4 38.3275357934736 57.3
22 1 -17 0 39.01281840626232 57.36
22 1 -8 1 30.0 57.419999999999995
25 -1 -7 0 32.01562118716424 57.48
18 5 -1 -4 21.02379604162864 57.54
22 1 -10 0 32.01562118716424 57.599999999999994
23 9 0 -2 25.495097567963924 57.66
